10 
1 2 5
1 3 7
1 4 8
1 5 4
1 6 4
1 7 3
1 8 4
1 9 3
1 10 3
2 1 3
2 3 10
2 4 2
2 5 7
2 6 3
2 7 5
2 8 4
2 9 5
2 10 4
3 1 9
3 2 4
3 4 12
3 5 6
3 6 8
3 7 9
3 8 4
3 9 5
3 10 2
4 1 3
4 2 7
4 3 19
4 5 2
4 6 6
4 7 2
4 8 5
4 9 2
4 10 1
5 1 4
5 2 5
5 3 14
5 4 2
5 6 3
5 7 8
5 8 3
5 9 1
5 10 0
6 1 2
6 2 2
6 3 3
6 4 4
6 5 6
6 7 8
6 8 2
6 9 3
6 10 3
7 1 1
7 2 2
7 3 3
7 4 4
7 5 5
7 6 6
7 8 4
7 9 3
7 10 4
8 1 1
8 2 2
8 3 3
8 4 4
8 5 5
8 6 6
8 7 9
8 9 3
8 10 4
9 1 1
9 2 2
9 3 3
9 4 4
9 5 5
9 6 6
9 7 9
9 8 4
9 10 4
10 1 1
10 2 2
10 3 3
10 4 4
10 5 5
10 6 6
10 7 9
10 8 4
10 9 4